1.28586352308478
0.363
1.32217132021535
0.148
1.19498326348112
0.582
1.02532433892891
0.849
1.31856475002178
0.18
1.32884084825836
0.0420000000000007
1.16742494405422
0.643
1.02906608145444
0.835
1.32652666765505
0.0969999999999995
1.31049952308271
0.208
0.91685822240955
0.969999999999999
1.23053850000721
0.500999999999999
1.32311526330853
0.17
1.22523507948475
0.509999999999998
0.972650502493059
0.911000000000001
1.31838727239002
0.163
1.33384294427792
0.107000000000003
1.17552116101753
0.619999999999997
1.0033473974651
0.874000000000002
1.32795331243233
0.0660000000000025
1.32238118558909
0.116
1.00320785483368
0.870999999999999
1.14809799233341
0.664999999999999
1.23001016255964
0.498999999999999
0.694954674781025
1.131
0.955733226376483
0.942
1.25854400002543
0.426000000000002
1.32400339878718
0.152999999999999
0.694879126179511
1.137
1.25944908591018
0.433
1.16813098580596
0.633000000000003
1.27240245205674
0.376000000000001
0.539448792750525
1.224
1.29999884615333
0.286999999999999
1.20902274585717
0.553000000000001
0.814140651239084
1.048
1.10709394361996
0.728000000000002
1.14219481700803
0.690999999999999
1.3119531241626
0.212
0.476923473945244
1.246
1.32724112353408
0.0449999999999999
1.20553432136957
0.568000000000001
1.02833700701667
0.849
1.00891674582197
0.863
1.26474424292028
0.414
1.3280997703486
0.024
0.673706909568249
1.156
1.32988194964816
0.0139999999999993
1.14945073839639
0.668
0.975788911599225
0.903
31.8632509326967
