1.45550987629765
2.49085407039433
2.66628599366235
2.47716148040454
3.01110444853711
4.33683824923181
5.20107536957503
4.92656015897502
2.06580153935464
3.40555795722228
2.69610274284939
2.65032790424128
3.44054603224546
1.06972987244444
1.07010700399539
1.07000233644605

candy
1.53162430119139
2.33017853393254
1.56347753421659
2.56457189409851
3.8614104935891
4.91445073227924
4.23907655038217
1.09009953673965
2.17649396966773
2.17588625621837
2.77356323165707
2.83365206050425
2.07388017975967
2.07394213998366
2.07493036027718

candy
1.18228634433457
2.54448128309092
3.05871966678871
4.43500687710854
5.36598723442388
4.97676290373572
2.13165334892895
2.74897890133773
3.47796118437225
3.3927048206409
2.73630572122342
3.41431896576755
2.71888304272177
2.71977002704273

candy
3.44628002344557
3.60619813654214
5.06951624911096
5.82808973849923
5.8309369744493
3.00586510010014
3.82731838236643
4.33096351866418
3.65617956342409
3.16387167881379
3.72481019650666
2.61522771475067
2.61634019194752

candy
1.5331754628874
2.45189742852347
3.61797208391662
2.6759996263079
2.1596853937553
1.09028620095826
1.08961782290856
2.16213482465826
2.16272929420212
2.65271125454694
2.72343349469011
3.41475240683713

candy
1.50059521523961
2.38153668877891
2.49927769565529
3.4828766845813
2.14893717916555
2.14911423614474
1.08977245331308
1.09009586734379
3.30448271292195
2.66189650437428
4.00163129236065

candy
1.23575604388569
1.38942470109035
4.6081525582385
2.69837821663309
2.63709271736888
2.13325807158909
2.13335486968296
4.37898892439796
4.02174228413507
5.3781642778926

candy
2.2705906720499
5.74690742921791
3.90382914585154
3.77812453473943
2.66101803827032
2.76719099449243
5.24878928896941
4.68346132683937
6.22748536730517

candy
4.70237503821207
2.55558721236431
2.55928056297077
3.25004261510522
3.15935721310522
4.80238784356282
4.88385442043474
5.95955283557416

candy
2.47210861411872
2.47022468613687
3.76029972209663
3.80326557053277
2.38364972258929
2.96336987229067
2.3664405760551

candy
1.7804681968516
3.05203718850213
2.45642300917411
3.63450808225818
3.71189143160195
4.22409540611952

candy
2.50418689398375
3.05198967888163
2.41724098922718
3.06406674209293
3.66445207363939

candy
1.779814878014
2.87883205484446
2.02350512724826
3.63107986692664

candy
4.00013137284265
2.99916855144888
4.2784137247349

candy
1.74662961156623
1.74686318868994

candy
1.74751366232141

candy

candy
1.45640859651404
2.49129002727503
2.66596136506139
1.06926142734132
2.07860915036954
2.07844870035322

candy
1.5316494376978
2.329282722213
2.07448547837771
1.08983026201331
1.09010871017527

candy
1.1810241318449
2.44365914153345
2.14410587425155
2.14518460744058

candy
2.12040232031565
3.02587541052172
3.02640298043734

candy
2.79409090761199
2.79450335480207

candy
1.78014184828064

candy

candy
1.4554332688241
2.49088518402595
2.68427196833704
2.57417132296978
3.22932609068827
4.52028782269448
3.23698269998466
5.16811184089509
4.5361117711097
3.61093685904365
1.07004766248985
2.07787246961886
2.78230713617314
3.45871276633374
5.15006650442497
2.71670830233943
6.24716391653044

candy
1.53162430119139
2.36938008770227
1.56565321830857
2.6067583317216
3.85107699221919
3.051087838788
4.71699332202198
4.33288910543531
2.36909370857296
2.07439292324285
1.09015870404267
2.16360185801362
2.16248838147168
4.33649293784736
2.86489895109758
5.78919934015059

candy
1.23030443386993
2.3893264741345
3.80031867084854
4.86286510197435
4.50954432287787
5.92501485230206
5.73730363498395
1.22988698667804
2.44373341426597
2.14399696828144
2.63946547619021
2.47414732786873
5.06712403637408
4.39551783069981
6.94957279262546

candy
3.3562619087312
4.74578750051032
5.84101994518081
5.35683833991656
6.88295169240639
6.62538044190671
2.17730774122539
2.12013631637213
3.06650322028202
3.31060915844803
3.60292353513088
6.04574304779818
5.11039841891021
7.9197397053186

candy
1.50299201594686
2.49177446812508
2.58593020014075
3.58781688495943
3.60751022174574
2.71564559543398
3.25191512804378
2.17349626178652
1.08996284340339
1.08962470603415
2.81368175172673
2.98284461546357
4.59212140518954

candy
1.32778951645206
1.38504801360819
2.14082484103674
2.13816112582752
4.10699719990165
4.15033841993638
2.83022702269624
2.10801470583106
2.10772887250709
2.14284530472921
2.22930011438568
3.19670173772906

candy
2.21829732001822
1.32949087999881
2.15286739024957
4.95587439308141
5.39719964425997
4.05558010647059
2.8329862336411
2.71718346822588
1.0697200568373
3.27425930555294
2.15902454826248

candy
2.19116704064295
1.32926332981844
5.00059876414815
4.28507864571935
2.99611364937981
3.21294008658736
3.29624043419166
3.25395420988065
1.09052877082634
3.23871208970479

candy
1.33026989742683
6.10246941819457
6.13830742143142
4.75643753243959
3.98254152520724
3.91733200022668
2.14364759230616
3.24802155165264
1.09007018122688

candy
6.10735302729423
5.5706012242845
4.24139906163049
4.13313549257703
4.15717452123434
3.18842327804826
2.17753760013461
2.15810310226365

candy
3.67088695004355
2.66773855540606
3.07740865014707
2.26455403998227
4.9730411218891
5.06120825495257
7.05103992330209

candy
2.79387150742478
3.22411832909402
4.03638526406982
5.91356347729523
3.77464249962828
7.20715554154342

candy
3.05431841823998
2.49738863615577
4.64100129282464
2.68076220504542
5.81609327641846

candy
1.78030025557488
2.94769435321914
3.62951525689037
4.91336951592286

candy
2.74264744362085
3.78022406743304
4.81846500454242

candy
4.27703273309896
2.60409638838504

candy
4.2585017318301

candy

candy
